Strange results:

Radius differences:
[0.53, 0.38, 0.51, 0.44, 0.37, 0.27, 0.26, 0.29, 0.33, 0.26, 0.38, 0.28, 0.36, 0.38, 0.28, 0.34, 0.81, 0.6, 0.54, 0.58, 0.65, 0.45, 0.24, 0.26, 1.64, 0.39, 0.36]
Mass differences:
[0.11, 0.09, 0.07, 0.12, 0.03, 0.04, 0.04, 0.04, 0.04, 0.04, 0.04, 0.04, 0.03, 0.15, 0.02, 0.05, 0.13, 0.12, 0.13, 0.06, 0.14, 0.08, 0.07, 0.08, -0.99, 0.09, 0.1]

After some edits:
[0.63, 0.52, 0.39, 0.72, 0.09, 0.03, 0.02, 0.03, 0.05, 0.02, 0.08, 0.04, 0.08, 0.22, 0.02, 0.04, 1.53, 0.8, 0.72, 0.28, 1.13, 0.21, 0.38, 0.38, 2.14, 0.53, 0.44]
[0.1, 0.09, 0.07, 0.11, 0.03, 0.04, 0.04, 0.04, 0.03, 0.04, 0.04, 0.04, 0.03, 0.15, 0.02, 0.05, 0.12, 0.12, 0.12, 0.06, 0.14, 0.08, 0.07, 0.08, -0.99, 0.09, 0.1]


